{
  "advancedEditorSelectedIdentifier" : "ProjectBrowser",
  "openSceneRelativePaths" : [
    "Immersive.usda",
    "Cake.usda",
    "CakeScene.usda",
    "AirForce.usda",
    "Scene.usda"
  ],
  "recentIdentifiers" : {
    "6DDABE1B-BC78-4E7E-9789-A5F5DD04087E" : [

    ],
    "5753F7FA-3F9A-4238-8BFE-477E528A4E68" : [

    ],
    "AF09ED6F-1707-48FD-8720-65B998362C09" : [

    ],
    "E16BAB31-C9CC-4E15-A99C-F71878D6AE93" : [

    ],
    "ECCB72E6-CC15-46E1-A553-AC8A0DFE6EDD" : [

    ]
  },
  "sceneCameraHistory" : {
    "6DDABE1B-BC78-4E7E-9789-A5F5DD04087E" : [
      {
        "date" : 717758077.70915306,
        "title" : "Untitled",
        "transform" : [
          0.99536299705505371,
          2.9209448748623856e-10,
          -0.096190072596073151,
          0,
          -0.0036571573000401258,
          0.99927699565887451,
          -0.037843804806470871,
          0,
          0.096120528876781464,
          0.03802010789513588,
          0.99464333057403564,
          0,
          0.041385866701602936,
          0.016780110076069832,
          0.42784160375595093,
          1
        ]
      },
      {
        "date" : 717704303.34562898,
        "title" : "Untitled",
        "transform" : [
          0.99536299705505371,
          2.9209448748623856e-10,
          -0.096190072596073151,
          0,
          -0.0036571573000401258,
          0.99927699565887451,
          -0.037843804806470871,
          0,
          0.096120528876781464,
          0.03802010789513588,
          0.99464333057403564,
          0,
          0.12816141545772552,
          0.19028225541114807,
          1.1852065324783325,
          1
        ]
      },
      {
        "date" : 717704283.91329801,
        "title" : "Untitled",
        "transform" : [
          0.99536299705505371,
          2.9209448748623856e-10,
          -0.096190072596073151,
          0,
          -0.0036571573000401258,
          0.99927699565887451,
          -0.037843804806470871,
          0,
          0.096120528876781464,
          0.03802010789513588,
          0.99464333057403564,
          0,
          0.32322937250137329,
          0.45942166447639465,
          3.0018546581268311,
          1
        ]
      },
      {
        "date" : 717704165.86563396,
        "title" : "Untitled",
        "transform" : [
          0.99536299705505371,
          2.9209448748623856e-10,
          -0.096190072596073151,
          0,
          -0.0036571573000401258,
          0.99927699565887451,
          -0.037843804806470871,
          0,
          0.096120528876781464,
          0.03802010789513588,
          0.99464333057403564,
          0,
          0.13442668318748474,
          0.083700798451900482,
          1.1729761362075806,
          1
        ]
      },
      {
        "date" : 717703662.71574295,
        "title" : "Untitled",
        "transform" : [
          0.99536299705505371,
          1.2450007691455767e-10,
          -0.096190072596073151,
          0,
          -0.0036571391392499208,
          0.99927705526351929,
          -0.037843804806470871,
          0,
          0.096120469272136688,
          0.038020074367523193,
          0.99464339017868042,
          0,
          0.040329840034246445,
          1.0164921283721924,
          4.3224754333496094,
          1
        ]
      },
      {
        "date" : 717703656.64117801,
        "title" : "Untitled",
        "transform" : [
          0.99536299705505371,
          1.2450007691455767e-10,
          -0.096190072596073151,
          0,
          -0.0036571391392499208,
          0.99927705526351929,
          -0.037843804806470871,
          0,
          0.096120469272136688,
          0.038020074367523193,
          0.99464339017868042,
          0,
          -0.1796182245016098,
          2.2836556434631348,
          7.082481861114502,
          1
        ]
      },
      {
        "date" : 717696074.25106597,
        "title" : "Untitled",
        "transform" : [
          0.99536299705505371,
          1.2450007691455767e-10,
          -0.096190072596073151,
          0,
          -0.0036571391392499208,
          0.99927705526351929,
          -0.037843804806470871,
          0,
          0.096120469272136688,
          0.038020074367523193,
          0.99464339017868042,
          0,
          -0.21803021430969238,
          2.8583900928497314,
          8.5970954895019531,
          1
        ]
      },
      {
        "date" : 717696047.02197301,
        "title" : "Untitled",
        "transform" : [
          0.99536299705505371,
          1.2450007691455767e-10,
          -0.096190072596073151,
          0,
          -0.0036571391392499208,
          0.99927705526351929,
          -0.037843804806470871,
          0,
          0.096120469272136688,
          0.038020074367523193,
          0.99464339017868042,
          0,
          -0.07005590945482254,
          0.20977465808391571,
          0.5859532356262207,
          1
        ]
      },
      {
        "date" : 717696035.29749405,
        "title" : "Untitled",
        "transform" : [
          0.99536299705505371,
          1.2450007691455767e-10,
          -0.096190072596073151,
          0,
          -0.0036571391392499208,
          0.99927705526351929,
          -0.037843804806470871,
          0,
          0.096120469272136688,
          0.038020074367523193,
          0.99464339017868042,
          0,
          -0.736469566822052,
          2.1800663471221924,
          6.089472770690918,
          1
        ]
      },
      {
        "date" : 717695941.74900806,
        "title" : "Untitled",
        "transform" : [
          0.99536299705505371,
          1.2450007691455767e-10,
          -0.096190072596073151,
          0,
          -0.0036571391392499208,
          0.99927705526351929,
          -0.037843804806470871,
          0,
          0.096120469272136688,
          0.038020074367523193,
          0.99464339017868042,
          0,
          -0.00057585077593103051,
          0.0017046090215444565,
          0.0047614015638828278,
          1
        ]
      }
    ],
    "5753F7FA-3F9A-4238-8BFE-477E528A4E68" : [
      {
        "date" : 717673261.92450202,
        "title" : "Untitled",
        "transform" : [
          1,
          0,
          0,
          0,
          0,
          0.86602550745010376,
          -0.49999982118606567,
          0,
          0,
          0.49999982118606567,
          0.86602550745010376,
          0,
          -0.023089304566383362,
          0.3591054379940033,
          0.5245015025138855,
          1
        ]
      },
      {
        "date" : 717673251.52872896,
        "title" : "Untitled",
        "transform" : [
          1,
          0,
          -0,
          0,
          -0,
          0.86602550745010376,
          -0.49999982118606567,
          0,
          0,
          0.49999982118606567,
          0.86602550745010376,
          0,
          0,
          0.20941439270973206,
          0.36271640658378601,
          1
        ]
      }
    ],
    "AF09ED6F-1707-48FD-8720-65B998362C09" : [
      {
        "date" : 717672390.76006496,
        "title" : "Untitled",
        "transform" : [
          1,
          0,
          0,
          0,
          0,
          0.86602497100830078,
          -0.5000007152557373,
          0,
          0,
          0.5000007152557373,
          0.86602497100830078,
          0,
          0.35586041212081909,
          0.84181016683578491,
          0.83953708410263062,
          1
        ]
      },
      {
        "date" : 717672389.06173003,
        "title" : "Untitled",
        "transform" : [
          1,
          0,
          0,
          0,
          0,
          0.86602497100830078,
          -0.5000007152557373,
          0,
          0,
          0.5000007152557373,
          0.86602497100830078,
          0,
          0.61262834072113037,
          0.8623661994934082,
          0.82766914367675781,
          1
        ]
      },
      {
        "date" : 717672302.91566706,
        "title" : "Untitled",
        "transform" : [
          1,
          0,
          0,
          0,
          0,
          0.86602497100830078,
          -0.5000007152557373,
          0,
          0,
          0.5000007152557373,
          0.86602497100830078,
          0,
          0,
          0.29997473955154419,
          0.32754862308502197,
          1
        ]
      },
      {
        "date" : 717672301.57564199,
        "title" : "Untitled",
        "transform" : [
          1,
          0,
          0,
          0,
          0,
          0.86602497100830078,
          -0.5000007152557373,
          0,
          0,
          0.5000007152557373,
          0.86602497100830078,
          0,
          0,
          0.553253173828125,
          0.60410857200622559,
          1
        ]
      },
      {
        "date" : 717614472.551314,
        "title" : "Untitled",
        "transform" : [
          1,
          0,
          0,
          0,
          0,
          0.86602497100830078,
          -0.5000007152557373,
          0,
          0,
          0.5000007152557373,
          0.86602497100830078,
          0,
          0,
          3.3076703548431396,
          3.6117138862609863,
          1
        ]
      }
    ],
    "D66134B1-3681-4A8E-AFE5-29F257229F3B" : [
      {
        "date" : 717703435.55643904,
        "title" : "Untitled",
        "transform" : [
          1,
          0,
          -0,
          0,
          -0,
          0.86602544784545898,
          -0.49999994039535522,
          0,
          0,
          0.49999994039535522,
          0.86602544784545898,
          0,
          0,
          0.20966032147407532,
          0.36334237456321716,
          1
        ]
      }
    ],
    "E16BAB31-C9CC-4E15-A99C-F71878D6AE93" : [
      {
        "date" : 717758552.19772005,
        "title" : "Untitled",
        "transform" : [
          0.99974292516708374,
          7.4233824642888635e-10,
          0.022673869505524635,
          0,
          -0.0027655141893774271,
          0.99253386259078979,
          0.1219378262758255,
          0,
          -0.022504584863781929,
          -0.12196917831897736,
          0.99227869510650635,
          0,
          -0.014634120278060436,
          0.059543132781982422,
          0.5726209282875061,
          1
        ]
      },
      {
        "date" : 717758068.53388405,
        "title" : "Untitled",
        "transform" : [
          0.99974292516708374,
          7.4233824642888635e-10,
          0.022673869505524635,
          0,
          -0.0027655141893774271,
          0.99253386259078979,
          0.1219378262758255,
          0,
          -0.022504584863781929,
          -0.12196917831897736,
          0.99227869510650635,
          0,
          -0.0016939908964559436,
          -0.039639357477426529,
          0.56072312593460083,
          1
        ]
      },
      {
        "date" : 717756721.23691404,
        "title" : "Untitled",
        "transform" : [
          0.99974286556243896,
          7.0652705908003099e-10,
          0.022673869505524635,
          0,
          -0.0027655127923935652,
          0.99253392219543457,
          0.1219378262758255,
          0,
          -0.022504592314362526,
          -0.12196915596723557,
          0.99227869510650635,
          0,
          0.00067363865673542023,
          0.058021236211061478,
          0.4292350709438324,
          1
        ]
      },
      {
        "date" : 717756716.34397805,
        "title" : "Untitled",
        "transform" : [
          0.99974286556243896,
          7.0652705908003099e-10,
          0.022673869505524635,
          0,
          -0.0027655127923935652,
          0.99253392219543457,
          0.1219378262758255,
          0,
          -0.022504592314362526,
          -0.12196915596723557,
          0.99227869510650635,
          0,
          0.023681925609707832,
          -0.0099418312311172485,
          0.42140299081802368,
          1
        ]
      },
      {
        "date" : 717756709.69014299,
        "title" : "Untitled",
        "transform" : [
          0.99974286556243896,
          7.0652705908003099e-10,
          0.022673869505524635,
          0,
          -0.0027655127923935652,
          0.99253392219543457,
          0.1219378262758255,
          0,
          -0.022504592314362526,
          -0.12196915596723557,
          0.99227869510650635,
          0,
          0.019269740208983421,
          0.085747614502906799,
          0.43306490778923035,
          1
        ]
      },
      {
        "date" : 717756704.48745501,
        "title" : "Untitled",
        "transform" : [
          0.99974286556243896,
          7.0652705908003099e-10,
          0.022673869505524635,
          0,
          -0.0027655127923935652,
          0.99253392219543457,
          0.1219378262758255,
          0,
          -0.022504592314362526,
          -0.12196915596723557,
          0.99227869510650635,
          0,
          -0.014829512685537338,
          0.0041645881719887257,
          0.422263503074646,
          1
        ]
      },
      {
        "date" : 717756683.96986794,
        "title" : "Untitled",
        "transform" : [
          0.99997496604919434,
          2.6605434522153359e-10,
          -0.0070757754147052765,
          0,
          -0.00038052132003940642,
          0.99855291843414307,
          -0.053776811808347702,
          0,
          0.0070655317977070808,
          0.053778178989887238,
          0.99852794408798218,
          0,
          -0.0023131519556045532,
          0.078107692301273346,
          0.41525602340698242,
          1
        ]
      },
      {
        "date" : 717756681.801175,
        "title" : "Untitled",
        "transform" : [
          0.99997496604919434,
          2.6605434522153359e-10,
          -0.0070757754147052765,
          0,
          -0.00038052132003940642,
          0.99855291843414307,
          -0.053776811808347702,
          0,
          0.0070655317977070808,
          0.053778178989887238,
          0.99852794408798218,
          0,
          -0.026437161490321159,
          -0.0047433618456125259,
          0.41988888382911682,
          1
        ]
      },
      {
        "date" : 717756679.89023995,
        "title" : "Untitled",
        "transform" : [
          0.99997496604919434,
          3.5899505590464287e-10,
          -0.0070757754147052765,
          0,
          -0.0017861637752503157,
          0.96761417388916016,
          -0.25242742896080017,
          0,
          0.0068466165103018284,
          0.25243377685546875,
          0.96758997440338135,
          0,
          -0.026490464806556702,
          0.079304173588752747,
          0.41235566139221191,
          1
        ]
      },
      {
        "date" : 717756675.88801897,
        "title" : "Untitled",
        "transform" : [
          0.99997496604919434,
          3.5899505590464287e-10,
          -0.0070757754147052765,
          0,
          -0.0017861637752503157,
          0.96761417388916016,
          -0.25242742896080017,
          0,
          0.0068466165103018284,
          0.25243377685546875,
          0.96758997440338135,
          0,
          -0.0077211586758494377,
          0.15247447788715363,
          0.3931334912776947,
          1
        ]
      }
    ],
    "ECCB72E6-CC15-46E1-A553-AC8A0DFE6EDD" : [
      {
        "date" : 717758449.09015405,
        "title" : "Untitled",
        "transform" : [
          1,
          0,
          0,
          0,
          0,
          0.86602544784545898,
          -0.49999988079071045,
          0,
          0,
          0.49999988079071045,
          0.86602544784545898,
          0,
          -0.05419560894370079,
          0.20382896065711975,
          0.42985120415687561,
          1
        ]
      },
      {
        "date" : 717758310.56452,
        "title" : "Untitled",
        "transform" : [
          1,
          0,
          0,
          0,
          0,
          0.86602544784545898,
          -0.49999988079071045,
          0,
          0,
          0.49999988079071045,
          0.86602544784545898,
          0,
          -0.012716799974441528,
          0.052908033132553101,
          0.62009644508361816,
          1
        ]
      },
      {
        "date" : 717757289.20336497,
        "title" : "Untitled",
        "transform" : [
          1,
          0,
          0,
          0,
          0,
          0.86602544784545898,
          -0.49999988079071045,
          0,
          0,
          0.49999988079071045,
          0.86602544784545898,
          0,
          0,
          0.28173661231994629,
          0.48798227310180664,
          1
        ]
      },
      {
        "date" : 717704216.42621505,
        "title" : "Untitled",
        "transform" : [
          1,
          0,
          0,
          0,
          0,
          0.86602544784545898,
          -0.49999988079071045,
          0,
          0,
          0.49999988079071045,
          0.86602544784545898,
          0,
          0,
          0.49275079369544983,
          0.85346966981887817,
          1
        ]
      },
      {
        "date" : 717704184.68859196,
        "title" : "Untitled",
        "transform" : [
          1,
          0,
          0,
          0,
          0,
          0.86602544784545898,
          -0.49999988079071045,
          0,
          0,
          0.49999988079071045,
          0.86602544784545898,
          0,
          0,
          0.91480153799057007,
          1.5844827890396118,
          1
        ]
      },
      {
        "date" : 717704109.50291395,
        "title" : "Untitled",
        "transform" : [
          1,
          0,
          -0,
          0,
          -0,
          0.86602544784545898,
          -0.49999988079071045,
          0,
          0,
          0.49999988079071045,
          0.86602544784545898,
          0,
          0,
          0.20929855108261108,
          0.36251574754714966,
          1
        ]
      }
    ]
  },
  "selectedSceneRelativePath" : "AirForce.usda"
}